48 51 52 53 52
86 87 88 91 91
22 25 28 31 32 36
65 66 68 69 71 72 75 82
39 42 41 44 47
20 21 22 19 20 22 23 22
25 26 27 29 31 34 33 33
54 57 59 61 58 59 60 64
17 19 20 22 25 26 24 31
86 88 90 91 92 92 93 95
23 25 25 28 26
56 57 59 60 61 61 62 62
73 75 76 76 79 83
10 13 16 16 18 21 23 30
43 45 49 52 55 58 59 61
69 72 76 77 75
6 9 11 14 18 18
72 74 77 81 84 86 87 91
18 19 22 26 29 32 39
2 5 8 13 16 17
67 70 72 79 78
17 18 23 26 26
68 70 73 79 82 86
71 72 73 79 81 86
14 13 14 17 20 22 25 27
70 67 70 71 74 71
84 83 84 87 88 88
29 27 30 31 32 36
80 78 79 80 82 87
45 42 44 46 49 46 47 49
41 38 39 41 38 41 42 41
69 66 64 65 65
87 86 89 91 89 92 96
30 29 30 32 29 32 37
83 80 80 83 86 87 89 90
56 55 55 57 56
50 47 49 51 51 54 54
8 7 7 10 11 15
15 14 14 15 16 18 21 26
24 21 25 28 31 33 35
36 34 36 37 41 38
43 40 44 46 46
87 84 86 90 94
34 31 34 36 40 41 48
57 55 57 60 66 68 71 73
42 41 46 48 50 49